OutR InR InL OutL
0 130 87 146 86 171 86 186 86
1 130 87 146 86 171 86 186 86
2 130 87 146 86 171 86 186 86
3 130 87 146 86 171 87 186 86
4 130 87 146 86 171 87 186 86
5 130 87 146 86 171 87 186 86
6 130 87 146 86 171 87 186 86
7 130 87 146 86 171 87 186 86
8 130 87 146 86 171 87 186 86
9 130 87 146 86 171 87 186 86
10 130 87 146 86 171 87 186 86
11 130 87 146 86 171 87 186 86
12 130 87 146 86 171 87 186 86
13 130 87 146 86 171 87 186 86
14 130 87 146 86 171 87 186 86
15 130 87 146 86 171 87 186 86
16 130 87 146 86 171 87 186 86
17 130 87 146 86 171 87 186 86
18 131 87 146 86 171 87 186 87
19 131 87 146 86 171 87 186 87
20 131 87 146 86 171 87 186 87
21 131 87 146 86 171 87 186 87
22 131 87 146 86 171 87 186 87
23 131 87 146 86 171 87 186 87
24 131 87 146 86 171 87 186 87
25 131 87 146 86 171 87 186 87
26 131 87 146 86 171 87 186 87
27 131 87 146 86 171 87 186 87
28 131 87 146 86 171 87 186 87
29 131 87 146 86 171 87 186 87
30 131 87 146 86 171 87 186 87
31 131 87 146 86 171 87 186 87
32 131 87 146 86 171 87 186 87
33 131 87 146 86 171 87 186 87
34 131 87 146 86 171 87 186 87
35 131 87 146 86 171 87 186 87
36 131 87 146 86 171 87 186 87
37 131 87 146 86 171 87 186 87
38 131 87 146 86 171 87 185 87
39 131 87 146 86 171 87 185 87
40 131 87 146 86 171 87 185 87
41 131 87 146 86 171 87 185 87
42 131 87 146 86 171 87 185 87
43 131 87 146 86 171 87 185 87
44 131 87 146 86 171 87 185 87
45 131 87 146 86 171 87 185 87
46 131 86 145 86 170 86 185 86
47 131 86 145 86 170 86 185 86
48 131 86 145 86 170 86 185 86
49 131 86 145 86 170 86 185 86
50 131 86 145 86 170 86 185 86
51 131 86 145 86 170 86 185 86
52 131 86 145 86 170 86 185 86
53 131 86 145 86 170 86 184 86
54 131 86 145 86 170 86 184 86
55 131 86 145 86 170 86 184 86
56 131 86 145 86 170 86 184 86
57 131 86 145 86 170 86 184 86
58 131 86 145 86 170 86 184 86
59 131 86 145 86 170 86 184 86
60 131 86 145 86 170 86 184 86
61 131 86 145 86 170 86 184 86
62 131 86 145 86 170 86 184 86
63 131 86 145 86 170 86 184 86
64 131 86 145 86 170 86 184 86
65 131 86 145 86 170 86 184 86
66 131 86 145 86 170 86 184 86
67 131 86 145 86 170 86 184 86
68 131 86 145 85 170 86 185 86
69 131 86 145 85 170 86 185 86
70 131 86 145 85 170 86 185 86
71 131 86 145 85 170 86 185 86
72 131 86 145 85 170 86 185 86
73 131 86 146 85 170 85 185 85
74 131 86 146 85 170 85 185 85
75 131 86 146 85 170 85 185 85
76 131 86 146 85 170 85 185 85
77 131 86 146 85 170 85 185 85
78 131 86 146 85 170 85 185 85
79 131 86 146 85 170 85 185 85
80 131 86 146 85 170 85 185 85
81 131 86 146 85 170 85 185 85
82 131 86 146 85 170 85 185 85
83 131 86 146 85 170 85 185 85
84 131 86 146 85 170 85 185 85
85 132 86 146 85 170 85 185 86
86 132 85 145 85 170 85 184 86
87 132 85 145 85 170 85 184 86
88 132 85 145 85 170 85 184 86
89 132 85 145 85 170 85 184 86
90 132 85 145 85 170 85 184 86
91 132 85 145 85 170 85 184 86
92 132 85 145 85 170 85 184 86
93 132 85 145 85 170 85 184 86
94 132 85 145 85 170 85 184 86
95 132 85 145 85 170 85 184 86
96 132 85 145 85 170 85 184 86
97 132 85 145 85 170 85 184 86
98 131 85 145 85 170 85 184 86
99 131 85 145 85 170 85 184 86
